{
 "cells": [
  {
   "cell_type": "code",
   "execution_count": 4,
   "id": "3b75c345-d4c8-42f0-84de-4a4f52c7238b",
   "metadata": {},
   "outputs": [],
   "source": [
    "import math\n",
    "\n",
    "def euclidean_distance(p, q):\n",
    "    \"\"\"Compute Euclidean distance between two m-dimensional points.\"\"\"\n",
    "    return math.sqrt(sum((pi - qi)**2 for pi, qi in zip(p, q)))\n",
    "\n",
    "def distance_to_centers(point, centers):\n",
    "    \"\"\"Distance from a point to its nearest center.\"\"\"\n",
    "    return min(euclidean_distance(point, c) for c in centers)\n",
    "\n",
    "def farthest_first_traversal(data, k):\n",
    "    \"\"\"\n",
    "    Implement FarthestFirstTraversal(Data, k)\n",
    "    First center = first point in data (as required by the challenge).\n",
    "    \"\"\"\n",
    "    centers = [data[0]]  # first center is the first point\n",
    "\n",
    "    while len(centers) < k:\n",
    "        # Find the point farthest from its nearest center\n",
    "        farthest_point = max(\n",
    "            data,\n",
    "            key=lambda p: distance_to_centers(p, centers)\n",
    "        )\n",
    "        centers.append(farthest_point)\n",
    "\n",
    "    return centers\n"
   ]
  },
  {
   "cell_type": "code",
   "execution_count": 9,
   "id": "ac475382-3f50-4582-b30b-69bf25ba4d92",
   "metadata": {},
   "outputs": [
    {
     "name": "stdout",
     "output_type": "stream",
     "text": [
      "0.0 0.0\n",
      "5.0 5.0\n",
      "0.0 5.0\n"
     ]
    }
   ],
   "source": [
    "k = 3\n",
    "m = 2\n",
    "\n",
    "data_str = \"\"\"0.0 0.0\n",
    "5.0 5.0\n",
    "0.0 5.0\n",
    "1.0 1.0\n",
    "2.0 2.0\n",
    "3.0 3.0\n",
    "1.0 2.0\"\"\"\n",
    "\n",
    "data = [tuple(map(float, line.split())) for line in data_str.strip().split(\"\\n\")]\n",
    "\n",
    "centers = farthest_first_traversal(data, k)\n",
    "\n",
    "for c in centers:\n",
    "    print(*c)"
   ]
  },
  {
   "cell_type": "code",
   "execution_count": 14,
   "id": "54f345a0-0307-40ca-907c-667efd089981",
   "metadata": {},
   "outputs": [
    {
     "name": "stdout",
     "output_type": "stream",
     "text": [
      "13.978\n"
     ]
    }
   ],
   "source": [
    "def squared_distance(p, q):\n",
    "    \"\"\"Squared Euclidean distance between two m-dimensional points.\"\"\"\n",
    "    return sum((pi - qi)**2 for pi, qi in zip(p, q))\n",
    "\n",
    "def distortion(data, centers):\n",
    "    \"\"\"\n",
    "    Compute the squared error distortion:\n",
    "    average squared distance from each point to its nearest center.\n",
    "    \"\"\"\n",
    "    total = 0\n",
    "    for point in data:\n",
    "        # distance to nearest center\n",
    "        d = min(squared_distance(point, c) for c in centers)\n",
    "        total += d\n",
    "    return total / len(data)\n",
    "\n",
    "\n",
    "# -----------------------------\n",
    "# Example: parse input manually\n",
    "# -----------------------------\n",
    "\n",
    "k = 5\n",
    "m = 2\n",
    "\n",
    "centers_str = \"\"\"8.2 9.6\n",
    "4.8 9.1\n",
    "9.3 0.4\n",
    "6.3 8.6\n",
    "0.1 6.0\"\"\"\n",
    "\n",
    "data_str = \"\"\"3.42 6.03\n",
    "6.23 8.25\n",
    "4.76 1.64\n",
    "4.47 4.33\n",
    "3.95 7.61\n",
    "8.93 2.97\n",
    "9.74 4.03\n",
    "1.73 1.28\n",
    "9.72 5.01\n",
    "7.27 3.77\"\"\"\n",
    "\n",
    "# Convert strings to lists of tuples\n",
    "centers = [tuple(map(float, line.split())) for line in centers_str.split(\"\\n\")]\n",
    "data = [tuple(map(float, line.split())) for line in data_str.split(\"\\n\")]\n",
    "\n",
    "# Compute distortion\n",
    "print(f\"{distortion(data, centers):.3f}\")"
   ]
  },
  {
   "cell_type": "code",
   "execution_count": 15,
   "id": "e8f5159d-93ac-48d6-9bbf-672e91b2bfd0",
   "metadata": {},
   "outputs": [
    {
     "name": "stdout",
     "output_type": "stream",
     "text": [
      "1.800 2.867\n",
      "1.060 1.140\n"
     ]
    }
   ],
   "source": [
    "import math\n",
    "\n",
    "def euclidean_distance(p, q):\n",
    "    return math.sqrt(sum((pi - qi)**2 for pi, qi in zip(p, q)))\n",
    "\n",
    "def compute_centroid(points, m):\n",
    "    \"\"\"Compute the mean of a list of m-dimensional points.\"\"\"\n",
    "    n = len(points)\n",
    "    return [sum(p[i] for p in points) / n for i in range(m)]\n",
    "\n",
    "def lloyd_kmeans(k, m, data):\n",
    "    # Step 1: initialize centers as the first k points\n",
    "    centers = [data[i][:] for i in range(k)]\n",
    "\n",
    "    while True:\n",
    "        # Step 2: assign each point to nearest center\n",
    "        clusters = [[] for _ in range(k)]\n",
    "        for point in data:\n",
    "            distances = [euclidean_distance(point, c) for c in centers]\n",
    "            nearest = distances.index(min(distances))\n",
    "            clusters[nearest].append(point)\n",
    "\n",
    "        # Step 3: update centers\n",
    "        new_centers = []\n",
    "        for cluster in clusters:\n",
    "            new_centers.append(compute_centroid(cluster, m))\n",
    "\n",
    "        # Step 4: check convergence\n",
    "        if all(\n",
    "            euclidean_distance(centers[i], new_centers[i]) < 1e-6\n",
    "            for i in range(k)\n",
    "        ):\n",
    "            break\n",
    "\n",
    "        centers = new_centers\n",
    "\n",
    "    return centers\n",
    "\n",
    "\n",
    "# --------------------------\n",
    "# Example usage (matches page format)\n",
    "# --------------------------\n",
    "if __name__ == \"__main__\":\n",
    "    # Sample Input from page\n",
    "    k = 2\n",
    "    m = 2\n",
    "    data = [\n",
    "        [1.3, 1.1],\n",
    "        [1.3, 0.2],\n",
    "        [0.6, 2.8],\n",
    "        [3.0, 3.2],\n",
    "        [1.2, 0.7],\n",
    "        [1.4, 1.6],\n",
    "        [1.2, 1.0],\n",
    "        [1.2, 1.1],\n",
    "        [0.6, 1.5],\n",
    "        [1.8, 2.6],\n",
    "        [1.2, 1.3],\n",
    "        [1.2, 1.0],\n",
    "        [0.0, 1.9],\n",
    "    ]\n",
    "\n",
    "    centers = lloyd_kmeans(k, m, data)\n",
    "\n",
    "    # Output with 3 decimal places\n",
    "    for c in centers:\n",
    "        print(\" \".join(f\"{coord:.3f}\" for coord in c))"
   ]
  },
  {
   "cell_type": "code",
   "execution_count": 3,
   "id": "6d381260-7ced-4cc9-98e1-90c9cc167666",
   "metadata": {},
   "outputs": [],
   "source": [
    "def hierarchical_clustering_string_output(data):\n",
    "    # 解析输入\n",
    "    lines = data.strip().split(\"\\n\")\n",
    "    n = int(lines[0])\n",
    "    D = [list(map(float, line.split())) for line in lines[1:]]\n",
    "\n",
    "    # 初始化簇：每个簇是一个列表（1-based index）\n",
    "    clusters = {i: [i + 1] for i in range(n)}\n",
    "    active = list(range(n))\n",
    "    next_id = n\n",
    "\n",
    "    # 输出结果（字符串行）\n",
    "    output_lines = []\n",
    "\n",
    "    # 深拷贝距离矩阵\n",
    "    import copy\n",
    "    Dmat = copy.deepcopy(D)\n",
    "\n",
    "    while len(active) > 1:\n",
    "        # 找到最小距离的两个簇\n",
    "        min_dist = float(\"inf\")\n",
    "        ci, cj = None, None\n",
    "\n",
    "        for i in active:\n",
    "            for j in active:\n",
    "                if i < j and Dmat[i][j] < min_dist:\n",
    "                    min_dist = Dmat[i][j]\n",
    "                    ci, cj = i, j\n",
    "\n",
    "        # 合并簇\n",
    "        new_cluster = clusters[ci] + clusters[cj]\n",
    "        new_cluster_sorted = sorted(new_cluster)\n",
    "        output_lines.append(\" \".join(map(str, new_cluster_sorted)))\n",
    "\n",
    "        # 注册新簇\n",
    "        clusters[next_id] = new_cluster\n",
    "\n",
    "        # 扩展距离矩阵\n",
    "        size = len(Dmat)\n",
    "        for row in Dmat:\n",
    "            row.append(0.0)\n",
    "        Dmat.append([0.0] * (size + 1))\n",
    "\n",
    "        # 计算新簇与其他簇的距离（Davg）\n",
    "        for c in active:\n",
    "            if c != ci and c != cj:\n",
    "                size_ci = len(clusters[ci])\n",
    "                size_cj = len(clusters[cj])\n",
    "                dist = (size_ci * Dmat[ci][c] + size_cj * Dmat[cj][c]) / (size_ci + size_cj)\n",
    "                Dmat[next_id][c] = dist\n",
    "                Dmat[c][next_id] = dist\n",
    "\n",
    "        # 更新 active 列表\n",
    "        active.remove(ci)\n",
    "        active.remove(cj)\n",
    "        active.append(next_id)\n",
    "\n",
    "        next_id += 1\n",
    "\n",
    "    return \"\\n\".join(output_lines)"
   ]
  },
  {
   "cell_type": "code",
   "execution_count": 4,
   "id": "5a7a048d-ce90-4b6b-91de-da2c36895db2",
   "metadata": {},
   "outputs": [
    {
     "name": "stdout",
     "output_type": "stream",
     "text": [
      "4 6\n",
      "5 7\n",
      "3 4 6\n",
      "1 2\n",
      "3 4 5 6 7\n",
      "1 2 3 4 5 6 7\n"
     ]
    }
   ],
   "source": [
    "data = \"\"\"7\n",
    "0.00 0.74 0.85 0.54 0.83 0.92 0.89\n",
    "0.74 0.00 1.59 1.35 1.20 1.48 1.55\n",
    "0.85 1.59 0.00 0.63 1.13 0.69 0.73\n",
    "0.54 1.35 0.63 0.00 0.66 0.43 0.88\n",
    "0.83 1.20 1.13 0.66 0.00 0.72 0.55\n",
    "0.92 1.48 0.69 0.43 0.72 0.00 0.80\n",
    "0.89 1.55 0.73 0.88 0.55 0.80 0.00\"\"\"\n",
    "\n",
    "print(hierarchical_clustering_string_output(data))"
   ]
  },
  {
   "cell_type": "code",
   "execution_count": 5,
   "id": "e57475f5-8b4f-4c55-b402-89873abfeaea",
   "metadata": {
    "collapsed": true,
    "jupyter": {
     "outputs_hidden": true
    }
   },
   "outputs": [
    {
     "name": "stdout",
     "output_type": "stream",
     "text": [
      "7 17\n",
      "1 2\n",
      "8 9\n",
      "5 6\n",
      "13 18\n",
      "5 6 16\n",
      "15 20\n",
      "3 4\n",
      "10 19\n",
      "8 9 12\n",
      "5 6 14 16\n",
      "7 13 17 18\n",
      "1 2 5 6 14 16\n",
      "10 15 19 20\n",
      "8 9 11 12\n",
      "7 8 9 11 12 13 17 18\n",
      "1 2 3 4 5 6 14 16\n",
      "1 2 3 4 5 6 7 8 9 11 12 13 14 16 17 18\n",
      "1 2 3 4 5 6 7 8 9 10 11 12 13 14 15 16 17 18 19 20\n"
     ]
    }
   ],
   "source": [
    "data = \"\"\"20\n",
    "0.00 0.28 1.08 1.24 0.49 0.56 1.59 0.79 1.14 1.73 0.65 1.40 1.36 0.77 1.28 0.92 1.50 0.98 1.21 1.20\n",
    "0.28 0.00 0.73 1.21 0.88 0.66 1.50 1.17 1.55 1.52 1.28 1.39 1.19 0.60 1.20 0.89 1.36 0.83 0.96 0.84\n",
    "1.08 0.73 0.00 0.55 0.90 0.85 1.03 1.19 1.26 0.88 1.49 1.01 1.09 0.84 1.15 1.18 1.18 1.06 1.08 1.25\n",
    "1.24 1.21 0.55 0.00 0.80 1.37 0.67 0.76 0.71 0.69 1.49 0.75 1.19 0.68 1.41 1.16 0.70 1.55 1.17 1.51\n",
    "0.49 0.88 0.90 0.80 0.00 0.37 0.98 0.64 0.91 1.62 0.67 1.11 1.04 0.70 1.38 0.57 0.89 0.73 1.25 1.89\n",
    "0.56 0.66 0.85 1.37 0.37 0.00 1.19 1.09 1.20 1.58 0.66 1.25 1.09 0.66 0.84 0.41 1.10 0.37 1.18 1.40\n",
    "1.59 1.50 1.03 0.67 0.98 1.19 0.00 0.80 0.58 0.93 1.11 0.89 0.52 0.97 0.63 0.89 0.20 0.98 1.00 1.14\n",
    "0.79 1.17 1.19 0.76 0.64 1.09 0.80 0.00 0.28 1.53 0.71 0.44 0.79 1.16 1.26 1.34 1.06 1.14 1.81 1.51\n",
    "1.14 1.55 1.26 0.71 0.91 1.20 0.58 0.28 0.00 1.10 0.55 0.70 1.14 1.28 0.72 1.28 1.00 1.49 1.66 1.28\n",
    "1.73 1.52 0.88 0.69 1.62 1.58 0.93 1.53 1.10 0.00 1.39 0.90 1.16 1.13 0.91 1.19 0.85 1.39 0.55 0.64\n",
    "0.65 1.28 1.49 1.49 0.67 0.66 1.11 0.71 0.55 1.39 0.00 1.22 1.13 1.42 0.68 0.99 1.30 0.98 1.24 1.15\n",
    "1.40 1.39 1.01 0.75 1.11 1.25 0.89 0.44 0.70 0.90 1.22 0.00 0.54 1.07 1.32 1.38 0.90 0.86 1.57 1.26\n",
    "1.36 1.19 1.09 1.19 1.04 1.09 0.52 0.79 1.14 1.16 1.13 0.54 0.00 1.10 1.05 1.12 0.48 0.39 0.97 1.02\n",
    "0.77 0.60 0.84 0.68 0.70 0.66 0.97 1.16 1.28 1.13 1.42 1.07 1.10 0.00 1.13 0.66 0.59 0.85 1.04 1.27\n",
    "1.28 1.20 1.15 1.41 1.38 0.84 0.63 1.26 0.72 0.91 0.68 1.32 1.05 1.13 0.00 0.94 0.92 1.00 0.99 0.52\n",
    "0.92 0.89 1.18 1.16 0.57 0.41 0.89 1.34 1.28 1.19 0.99 1.38 1.12 0.66 0.94 0.00 0.62 0.51 0.64 1.20\n",
    "1.50 1.36 1.18 0.70 0.89 1.10 0.20 1.06 1.00 0.85 1.30 0.90 0.48 0.59 0.92 0.62 0.00 0.75 0.71 1.17\n",
    "0.98 0.83 1.06 1.55 0.73 0.37 0.98 1.14 1.49 1.39 0.98 0.86 0.39 0.85 1.00 0.51 0.75 0.00 0.90 1.11\n",
    "1.21 0.96 1.08 1.17 1.25 1.18 1.00 1.81 1.66 0.55 1.24 1.57 0.97 1.04 0.99 0.64 0.71 0.90 0.00 0.56\n",
    "1.20 0.84 1.25 1.51 1.89 1.40 1.14 1.51 1.28 0.64 1.15 1.26 1.02 1.27 0.52 1.20 1.17 1.11 0.56 0.00\"\"\"\n",
    "\n",
    "print(hierarchical_clustering_string_output(data))"
   ]
  }
 ],
 "metadata": {
  "kernelspec": {
   "display_name": "Python 3 (ipykernel)",
   "language": "python",
   "name": "python3"
  },
  "language_info": {
   "codemirror_mode": {
    "name": "ipython",
    "version": 3
   },
   "file_extension": ".py",
   "mimetype": "text/x-python",
   "name": "python",
   "nbconvert_exporter": "python",
   "pygments_lexer": "ipython3",
   "version": "3.13.5"
  }
 },
 "nbformat": 4,
 "nbformat_minor": 5
}
